0000000000
0000000000
0000000000
0002000000
0111100100  Fácil
1101101101
1101111111
1101111111
1111111111
1111111111

0000000000
0000000000
0000000200
0002011110
0111111100  Medio
1101111000
1101110000
1101110200
1111111111
1111111111

0000000000
0000000000
0000000000
0000000000
0000000000  Fácil
0000000000
0000000000
2000020200
1111111111
1111111111

0000000000
0000000000
0000002000
0000111100
1001111000  Medio
1011110000
1111100000
1111102002
1111111111
1111111111

0000000000
0000000000
0000011000
0200011000
1110000000  Fácil
0110000000
0111002010
0111011110
0111111111
0111111111

0000000000
0000000000
0011000000
0011000000
0000000110  Medio
0000001100
0002011100
2011111102
1111111111
1111111111

0000000000
0000020000
0000111000
0000000000
1100000000  Difícil
0000000000
0000111001
2000000001
1100000000
0000000000

0000000000
0000000000
0000000000
0000000000
0001110000 Difícil
0000000000
0000000011
0000200011
1001110000
1000000000

0000000000
0000200000
0001111000
0011110000
0111110000  Medio
1111110000
1111110001
1111110001
1111110000
1111110000

0000000000
0000000200
0000001111
0000011110
0000111110  Fácil
0001111110
0011111110
0111111110
1111111110
1111111110

0000000000
0000000000
1100000000
1000000000
1000000001  Difícil
1000000000
1000000000
1000020000
1000111001
1000111000

1100000000
1100000000
1100000000
1100000000
1110000000  Medio
0000000000
0000000000
0000020000
1111111001
1111111001

0000000000
0000000000
1000000000
0000000000
0000000000  Medio
0000000001
1000000011
1000020111
1000111111
1000111111

0000000000
0020000200
0111001110
0111001110
0111001110  Difícil
0000000000
0000000000
0000000000
0000000000
0000000000

0000000000
0000000000
0000000000
1000000000
1100000000  Fácil
1110000000
1111000000
1111100020
1111111111
1111111111

0000000000
0000000000
0000000000
0000000002
0000000011  Difícil
0000200000
1001110000
1001110000
0000000000
0000000000

0000000000
0000000000
0000000000
0020000200
0111001110  Difícil
0000000000
0000000000
0000000000
0000000000
0000000000

0000000011
0000000011
0000000011
0000000011
1000000011  Medio
0000000000
0000000000
0002000000
1111100111
1111100111

0000000000
0000020000
0001111100
0000111000
1000111000  Medio
0000111000
0001111000
0000111000
1111111000
1111111000

0000000000
0000000000
0000000000
0000020000
0000111000  Difícil
0000000000
1100000001
1100000001
0000000000
0000000000

0000000000
0020000000
0111000000
0111000000
0111000000  Difícil
0000000000
0000000000
0000000200
0000001110
0000001110

0000000000
0000020000
0000111100
0001111000
0011111000  Medio
0111111000
1111111000
1111111000
1111111000
1111111000

0000000000
0200000000
1110000000
0000000000
0000011100  Difícil
0000000000
1110000000
0000002000
0000011100
0000000000

0000000000
0000000000
0000000000
0000000001
1000000011  Fácil
0000000111
0000001111
0002011111
1111111111
1111111111

0000000000
0000000000
0000000000
0000000000
0000000000  Difícil
0000002000
1100011100
1100011100
0000000000
0000000000

0000000000
0000000000
0000000000
0000000000
0000111000  Difícil
2000000000
1100000000
1100020000
0000111001
0000000001

1100000000
1100002000
1100011100
1100000000
1110000000  Medio
0000000000
0000011100
0000011100
1111111100
1111111100

0000000000
0000000002
1000000011
0000200011
0001110011  Difícil
0000000000
1000000000
0000000000
0000000000
0000000000

0000000000
0000200000
0001111001
0011110000
0111110000  Medio
1111110000
1111110001
1111110000
1111110000
1111110000

0000000000
0002000000
0011110000
0111100000
1111100000  Medio
1111100002
1111100011
1111100011
1111100000
1111100000

0000000000
0000000000
0000000001
0000000011
0000000111  Fácil
0000001111
0000011111
0020111111
1111111111
1111111111

0000000000
0000000000
0000000000
0000000000
0000000000  Fácil
0000000001
0000000011
1000020111
1111111111
1111111111

0000000000
0000000020
0000000111
0000001111
0000011111  Fácil
0000111111
0001111111
2011111111
1111111111
1111111111

0000001100
0000001100
0000001100
0200001100
1110001110  Medio
0000000000
0000000000
0000000000
0000011111
0000011111

0000000000
0020000000
0111000000
0000000000
0000001110  Difícil
0000000000
0111000000
0111000200
1111001110
1111000000

0000000000
0020000000
0111000000
0111000000
0111000000  Medio
0000000000
0000000000
0000000200
0000001110
0000001110

0000000000
0000000000
0000000000
0000000000
0000000001  Difícil
0000000000
0000011000
0200011000
1110000001
1110000000

0000000000
0000000000
0000000000
0000000000
0000000000  Medio
1000000000
1100000000
1110002000
1111111100
1111111100

0000000000
0000000000
0000000000
1000200000
0001110000  Medio
0000110000
1100111000
1100111020
0000111111
0000111111

0000000000
0000000000
0000000000
1000200000
0001111000  Medio
0000110000
1100110001
1100110200
0000111111
0000111111

0000000000
0000200000
0000111111
0001111110
0011111110  Fácil
0111111110
1111111110
1111111111
1111111111
1111111111

0000000000
0000200000
1111111000
1100010000
1100210001  Medio
1100110000
1100011000
1110000000
1111020001
1111111111

0000000000
0000000000
0020000000
1111000000
1110000000  Medio
1100000000
1000000001
1020002011
1111111111
1111111111

0000000000
0000000000
1000000000
1000100020
0000000111  Difícil
0000000011
2000110011
1100110011
1100000011
1100000011

0000000000
0000000000
1000000000
1000000000
0000000000  Medio
0000000000
2000000000
1100000200
1100111111
1100111111

0000000000
0000000000
0000000000
0020000000
0111100000  Medio
0011000000
0011000000
0011020000
0011111111
0011111111

0000000000
0000000200
0020001110
1111001110
1110000000  Medio
1100000000
1000000200
1020001110
1111111110
1111111110

0000000000
0000000000
0000000000
0002000000
0011110000  Medio
0001100000
0001100000
0001102002
0011111111
1111111111

0000000000
0000000020
0000000011
0000000111
1000001111  Fácil
0000011111
0000111111
0201111111
1111111111
1111111111

0000000000
0000000000
1100000000
1000020000
1000111000  Medio
1000011000
1100011100
0000011102
2000111111
1111111111
