0000000000
0000000000
0000000000
0000000000
0000000000  Fácil
0000000000
0000021000
0011111100
0111111110
1111111111

0000000000
0000000000
0002100000
0011111000
1111111100  Fácil
1111111110
1111111111
1111111111
1111111111
1111111111

0000000000
0000000000
0000000000
0000000000
0000000000  Medio
0000000000
0200000000
1111000000
1111110002
1111111011

0000000000
0000000000
0000000000
0000000000
0000000000  Fácil
0000000000
2012102100
1111111110
1111111111
1111111111

0000000000
0000000000
0000000000
0000000000
0000000000  Fácil
0000110000
0001111000
0011111100
0111111112
1111111111

0000000000
0000000000
0000000202
2000001111
1100211111  Fácil
1111111111
1111111111
1111111111
1111111111
1111111111

0000000000
0000000000
0000000000
0000000000
0000000000  Fácil
0000210000
0021111000
0111111101
1111111111
1111111111

0200002000
0110201100
0000111110
1000000000
1000020000  Difícil
0001011000
2111000020
1111020011
1111011111
0000000000

0000000200
0000011110
0000111110
0001111110
1011111110  Medio
0000000000
0110100000
0000002121
1110111111
1111111111

0000000000
0010201011
0000111000
0000000000
0001000000  Medio
1000020200
0000011110
1102111110
1111111110
1111111111

0000100000
0000000000
0000000210
0000000110
1100110000  Medio
1110000011
0000111111
0001111111
0211111111
0111111111

0000000011
0000001000
1002000001
0001110000
0211111100  Medio
1111111110
1111111110
1111111110
1111111110
1111111111

1002000000
0001100010
0010000110
0200020000
1110111001  Medio
1110000000
1111000011
1111000000
1111121020
1111111011

0000000100
0000000001
0101000211
0000000111
0000021111  Medio
0000011111
0000111111
0001111111
0211111111
0111111111

1000010000
1100000002
1110000001
0000001000
1120000020  Fácil
1111202111
1111111111
1111111111
1111111111
1111111111

0000000000
0000000000
2001111000
1100000020
1100000011  Difícil
0000010000
0000000021
0000001111
0100011111
0001111111

0000000000
0000021100
1000011100
0001110000
0200000000  Medio
1110000000
0000000000
0000102120
0001111111
0011111111

0000000002
1010001011
0000211000
0000111000
0110000020  Medio
0000000111
1100121111
0001111111
0011111111
0111111111

1110000000
0000110000
0000000002
0000020101
0000011100  Fácil
0000111111
0001111111
0211111111
0111111111
1111111111

0000000000
0000010000
0000000000
0010020020
0000011111  Fácil
0000000000
0000100200
2001100112
1111101111
1111111111

0000000000
1010001000
0000011100
1000000000
0000000001  Fácil
0202010000
0111110211
0000000111
0021101111
1111111111

0000011100
1101002001
1100011111
0021000002
0111110111  Difícil
0000000000
1112100000
1111110021
1111110111
1111110111

0000001000
0010000000
0110000000
1110010200
1110110110  Medio
1110000000
1110002101
1110001100
1110011100
1110000000

0000000020
0010211011
1000110000
0020000000
1011000000  Medio
1000000002
1100020001
1101011200
0001111111
1111111111

0000000000
0000011110
1000000000
1010011110
1110000000  Medio
1110200111
0000110000
0011110210
0111110110
1111110000

1110000000
0000020000
0000011020
0000000011
0000011111  Medio
0011000000
1110200211
0000110111
0021110000
0011110000

1000000000
0000000100
0000000000
0000211202
0000111111  Fácil
0021111111
2111111111
1111111111
1111111111
1111111111

1000000000
1000100000
0000001000
0000000000
0000010000  Medio
0100000000
0000201110
0210111111
0111111111
0000000000

0110100000
0000001000
2000000000
1100000001
0001110100  Medio
0100000000
0000000010
0000101110
0021111111
1011111111

1100000000
0001000000
1100000000
1100211000
0000111000  Medio
0210000000
0110210020
0000110111
1201110000
1111110000

0000000000
0000000000
1100000000
0000000000
0010210000  Medio
1000111000
0021111101
0011111100
0111111101
0000000000

0000011000
0000000000
0010000000
0000000000
0100000000  Medio
0000001000
0001111021
0000000011
1200210111
1110111111

0000000000
1000000000
0000000000
0000002000
0010001101  Medio
1000000000
0001110000
0000000001
2110200111
1110110000

0200000000
1110210001
0000111000
0000000001
0000002100  Medio
0110211111
0000111111
0201111111
0111111111
0000000000

0000000110
0000001110
0000000000
1000000021
1000111011  Medio
1110000000
0011000000
1002000011
0001102000
0111111111

0000000200
0000101110
0000000000
1010000000
1000000000  Difícil
1000111010
0000000000
0000021100
1111011110
1111000000

0000110000
1100000000
1100000001
0001000000
1011000000  Medio
1000010010
0000000000
0000210021
1111110111
0000000000

0000000000
0000000001
1000001100
1100000000
1110200000  Medio
1110110200
1110000110
1110000000
1111011102
1111000001

1110000000
1111000000
0000000000
0000002100
0010011100  Fácil
0000111110
0001111110
0211111111
1111111111
1111111111

0000000110
0000000000
2002000000
1111100100
0000001102  Difícil
0000000001
2000001000
1100100020
1100002111
1110001111

0000001000
0000000000
0001000000
0011000010
0000000110  Medio
0000000000
0000001000
0020000000
0111111021
1111111011

0000000100
0000000000
0002100000
0001110010
1000000000  Medio
1000211110
0021111110
0011111110
2111111111
1111111111

0002000201
0001100111
0000000000
0100010001
0000110000  Difícil
0010000000
0000000011
0210000000
1110210020
0000111011

2000001002
1100000001
0000000000
1010002110
0000111110  Difícil
0020000000
0011100211
0000000111
0111100000
0000000010

0000000100
0000100002
0000001001
0200000011
0111002111  Medio
0000001111
1100011111
0000111111
2101111111
1100000000

0000000200
1000000110
0000010000
0000110000
0001110000  Medio
0211110000
0111110210
0000000111
1100010000
1111110000
